parameters mux=1 NC=256 NR=512 pvdd=1.1 wpcs=7.2e-07 wncs=7.2e-07 \
    wen=1.2e-07 weql=1.2e-07 wsapc=6e-07 wpch=7.2e-07 cbl=5.08303e-17 \
    cwl=1.09136e-16 cg=6.59722e-16 ws=16 trf=1e-12 tper=5e-09 wdef=1.2e-07 \
    ldef=6e-08
