wpu = 100e-9;
lpu = 70e-9;
wpd = 160e-9;
lpd = 70e-9;
wpg = 100e-9;
lpg = 80e-9;
