wpu = 120e-9;
lpu = 60e-9;
wpd = 120e-9;
lpd = 60e-9;
wpg = 120e-9;
lpg = 60e-9;
