wpu = 80e-9;
lpu = 50e-9;
wpd = 120e-9;
lpd = 50e-9;
wpg = 80e-9;
lpg = 60e-9;
