wpu = 200e-9;
lpu = 100e-9;
wpd = 200e-9;
lpd = 100e-9;
wpg = 200e-9;
lpg = 100e-9;
