parameters numBanks=1 ws=16 cg=6.547619e-16 cwl=1.227699e-16 pvdd=1.0 \
    colMux=0 NR=512 cbl=5.718049e-17 tdly=1.25e-09 twl=1e-09 trf=1e-10 \
    tper=6e-09 wdef=7e-08 ldef=4e-08 lpg=5.7e-08 wpg=1.6e-07 lpd=5.5e-08 \
    wpd=2.2e-07 lpu=5.5e-08 wpu=7e-08 wnth=32
