parameters wireCap=1.62657e-15 wireRes=4.884896 multiplier=128 pvdd=1.1 \
    cwl=1.09136e-16 lpg=1.25e-07 wpg=2.7e-07 lpd=1.2e-07 wpd=4e-07 \
    lpu=1.2e-07 wpu=1.6e-07 ldef=6e-08 wdef=1.2e-07
