wpu = 160e-9;
lpu = 120e-9;
wpd = 400e-9;
lpd = 120e-9;
wpg = 1270e-9;
lpg = 125e-9;
