parameters numBanks=4 colMux=8 cg=6.59722e-16 cwl=1.09136e-16 ws=16 \
    pwidth=1e-09 pfall=2e-11 prise=2e-11 wdef=1.2e-07 ldef=6e-08 pvbp=1.1 \
    pvdd=1.1
