wpu = 80e-9;
lpu = 65e-9;
wpd = 140e-9;
lpd = 65e-9;
wpg = 90e-9;
lpg = 75e-9;
