wpu = 58e-9;
lpu = 33e-9;
wpd = 87e-9;
lpd = 33e-9;
wpg = 58e-9;
lpg = 41e-9;
