parameters twl=1e+09 BL_DIFF=0.15 numBanks=4 cwl=1.09136e-16 ws=16 \
    pvdd=1.1 colMux=8 cbl=5.08303e-17 tdly=1.25e-09 trf=1e-12 tper=5e-09 \
    wdef=1.2e-07 ldef=6e-08 cg=6.59722e-16 lpg=1.25e-07 wpg=2.7e-07 \
    lpd=1.2e-07 wpd=4e-07 lpu=1.2e-07 wpu=1.6e-07 cwire=5.238528e-15
